col2	long1	lat1	col3	long2	lat2	distance
Brikama	-16.642965	13.274707	Brikama	-16.642965	13.274707	0
Brikama	-16.642965	13.274707	Thies	-16.92566	14.791345	171
Brikama	-16.642965	13.274707	Bounkiling	-15.698502	13.039072	106
Brikama	-16.642965	13.274707	Besse	-16.36199	13.195759	32
Brikama	-16.642965	13.274707	Chogen	-16.008846	13.584186	77
Brikama	-16.642965	13.274707	DongoroBa	-15.294932	13.379913	146
Brikama	-16.642965	13.274707	SareSeedy	-15.099018	13.74713	175
Brikama	-16.642965	13.274707	Njayel	-14.023212	13.33612	284
Brikama	-16.642965	13.274707	SareWuro	-14.056502	13.543971	281
Brikama	-16.642965	13.274707	Basse	-14.219973	13.311182	262
Brikama	-16.642965	13.274707	Velingara	-14.107776	13.146263	275
Brikama	-16.642965	13.274707	Farafenni	-15.597754	13.572898	118
Brikama	-16.642965	13.274707	Serrekunda	-16.685126	13.440287	19
Thies	-16.92566	14.791345	Brikama	-16.642965	13.274707	171
Thies	-16.92566	14.791345	Thies	-16.92566	14.791345	0
Thies	-16.92566	14.791345	Bounkiling	-15.698502	13.039072	236
Thies	-16.92566	14.791345	Besse	-16.36199	13.195759	188
Thies	-16.92566	14.791345	Chogen	-16.008846	13.584186	167
Thies	-16.92566	14.791345	DongoroBa	-15.294932	13.379913	236
Thies	-16.92566	14.791345	SareSeedy	-15.099018	13.74713	229
Thies	-16.92566	14.791345	Njayel	-14.023212	13.33612	352
Thies	-16.92566	14.791345	SareWuro	-14.056502	13.543971	339
Thies	-16.92566	14.791345	Basse	-14.219973	13.311182	335
Thies	-16.92566	14.791345	Velingara	-14.107776	13.146263	355
Thies	-16.92566	14.791345	Farafenni	-15.597754	13.572898	197
Thies	-16.92566	14.791345	Serrekunda	-16.685126	13.440287	152
Bounkiling	-15.698502	13.039072	Brikama	-16.642965	13.274707	106
Bounkiling	-15.698502	13.039072	Thies	-16.92566	14.791345	236
Bounkiling	-15.698502	13.039072	Bounkiling	-15.698502	13.039072	0
Bounkiling	-15.698502	13.039072	Besse	-16.36199	13.195759	74
Bounkiling	-15.698502	13.039072	Chogen	-16.008846	13.584186	69
Bounkiling	-15.698502	13.039072	DongoroBa	-15.294932	13.379913	58
Bounkiling	-15.698502	13.039072	SareSeedy	-15.099018	13.74713	102
Bounkiling	-15.698502	13.039072	Njayel	-14.023212	13.33612	184
Bounkiling	-15.698502	13.039072	SareWuro	-14.056502	13.543971	186
Bounkiling	-15.698502	13.039072	Basse	-14.219973	13.311182	163
Bounkiling	-15.698502	13.039072	Velingara	-14.107776	13.146263	173
Bounkiling	-15.698502	13.039072	Farafenni	-15.597754	13.572898	60
Bounkiling	-15.698502	13.039072	Serrekunda	-16.685126	13.440287	116
Besse	-16.36199	13.195759	Brikama	-16.642965	13.274707	32
Besse	-16.36199	13.195759	Thies	-16.92566	14.791345	188
Besse	-16.36199	13.195759	Bounkiling	-15.698502	13.039072	74
Besse	-16.36199	13.195759	Besse	-16.36199	13.195759	0
Besse	-16.36199	13.195759	Chogen	-16.008846	13.584186	58
Besse	-16.36199	13.195759	DongoroBa	-15.294932	13.379913	117
Besse	-16.36199	13.195759	SareSeedy	-15.099018	13.74713	150
Besse	-16.36199	13.195759	Njayel	-14.023212	13.33612	254
Besse	-16.36199	13.195759	SareWuro	-14.056502	13.543971	252
Besse	-16.36199	13.195759	Basse	-14.219973	13.311182	232
Besse	-16.36199	13.195759	Velingara	-14.107776	13.146263	244
Besse	-16.36199	13.195759	Farafenni	-15.597754	13.572898	93
Besse	-16.36199	13.195759	Serrekunda	-16.685126	13.440287	44
Chogen	-16.008846	13.584186	Brikama	-16.642965	13.274707	77
Chogen	-16.008846	13.584186	Thies	-16.92566	14.791345	167
Chogen	-16.008846	13.584186	Bounkiling	-15.698502	13.039072	69
Chogen	-16.008846	13.584186	Besse	-16.36199	13.195759	58
Chogen	-16.008846	13.584186	Chogen	-16.008846	13.584186	0
Chogen	-16.008846	13.584186	DongoroBa	-15.294932	13.379913	80
Chogen	-16.008846	13.584186	SareSeedy	-15.099018	13.74713	100
Chogen	-16.008846	13.584186	Njayel	-14.023212	13.33612	216
Chogen	-16.008846	13.584186	SareWuro	-14.056502	13.543971	211
Chogen	-16.008846	13.584186	Basse	-14.219973	13.311182	196
Chogen	-16.008846	13.584186	Velingara	-14.107776	13.146263	211
Chogen	-16.008846	13.584186	Farafenni	-15.597754	13.572898	44
Chogen	-16.008846	13.584186	Serrekunda	-16.685126	13.440287	75
DongoroBa	-15.294932	13.379913	Brikama	-16.642965	13.274707	146
DongoroBa	-15.294932	13.379913	Thies	-16.92566	14.791345	236
DongoroBa	-15.294932	13.379913	Bounkiling	-15.698502	13.039072	58
DongoroBa	-15.294932	13.379913	Besse	-16.36199	13.195759	117
DongoroBa	-15.294932	13.379913	Chogen	-16.008846	13.584186	80
DongoroBa	-15.294932	13.379913	DongoroBa	-15.294932	13.379913	0
DongoroBa	-15.294932	13.379913	SareSeedy	-15.099018	13.74713	46
DongoroBa	-15.294932	13.379913	Njayel	-14.023212	13.33612	138
DongoroBa	-15.294932	13.379913	SareWuro	-14.056502	13.543971	135
DongoroBa	-15.294932	13.379913	Basse	-14.219973	13.311182	117
DongoroBa	-15.294932	13.379913	Velingara	-14.107776	13.146263	131
DongoroBa	-15.294932	13.379913	Farafenni	-15.597754	13.572898	39
DongoroBa	-15.294932	13.379913	Serrekunda	-16.685126	13.440287	150
SareSeedy	-15.099018	13.74713	Brikama	-16.642965	13.274707	175
SareSeedy	-15.099018	13.74713	Thies	-16.92566	14.791345	229
SareSeedy	-15.099018	13.74713	Bounkiling	-15.698502	13.039072	102
SareSeedy	-15.099018	13.74713	Besse	-16.36199	13.195759	150
SareSeedy	-15.099018	13.74713	Chogen	-16.008846	13.584186	100
SareSeedy	-15.099018	13.74713	DongoroBa	-15.294932	13.379913	46
SareSeedy	-15.099018	13.74713	SareSeedy	-15.099018	13.74713	0
SareSeedy	-15.099018	13.74713	Njayel	-14.023212	13.33612	125
SareSeedy	-15.099018	13.74713	SareWuro	-14.056502	13.543971	115
SareSeedy	-15.099018	13.74713	Basse	-14.219973	13.311182	107
SareSeedy	-15.099018	13.74713	Velingara	-14.107776	13.146263	126
SareSeedy	-15.099018	13.74713	Farafenni	-15.597754	13.572898	57
SareSeedy	-15.099018	13.74713	Serrekunda	-16.685126	13.440287	175
Njayel	-14.023212	13.33612	Brikama	-16.642965	13.274707	284
Njayel	-14.023212	13.33612	Thies	-16.92566	14.791345	352
Njayel	-14.023212	13.33612	Bounkiling	-15.698502	13.039072	184
Njayel	-14.023212	13.33612	Besse	-16.36199	13.195759	254
Njayel	-14.023212	13.33612	Chogen	-16.008846	13.584186	216
Njayel	-14.023212	13.33612	DongoroBa	-15.294932	13.379913	138
Njayel	-14.023212	13.33612	SareSeedy	-15.099018	13.74713	125
Njayel	-14.023212	13.33612	Njayel	-14.023212	13.33612	0
Njayel	-14.023212	13.33612	SareWuro	-14.056502	13.543971	23
Njayel	-14.023212	13.33612	Basse	-14.219973	13.311182	21
Njayel	-14.023212	13.33612	Velingara	-14.107776	13.146263	23
Njayel	-14.023212	13.33612	Farafenni	-15.597754	13.572898	172
Njayel	-14.023212	13.33612	Serrekunda	-16.685126	13.440287	288
SareWuro	-14.056502	13.543971	Brikama	-16.642965	13.274707	281
SareWuro	-14.056502	13.543971	Thies	-16.92566	14.791345	339
SareWuro	-14.056502	13.543971	Bounkiling	-15.698502	13.039072	186
SareWuro	-14.056502	13.543971	Besse	-16.36199	13.195759	252
SareWuro	-14.056502	13.543971	Chogen	-16.008846	13.584186	211
SareWuro	-14.056502	13.543971	DongoroBa	-15.294932	13.379913	135
SareWuro	-14.056502	13.543971	SareSeedy	-15.099018	13.74713	115
SareWuro	-14.056502	13.543971	Njayel	-14.023212	13.33612	23
SareWuro	-14.056502	13.543971	SareWuro	-14.056502	13.543971	0
SareWuro	-14.056502	13.543971	Basse	-14.219973	13.311182	31
SareWuro	-14.056502	13.543971	Velingara	-14.107776	13.146263	45
SareWuro	-14.056502	13.543971	Farafenni	-15.597754	13.572898	167
SareWuro	-14.056502	13.543971	Serrekunda	-16.685126	13.440287	284
Basse	-14.219973	13.311182	Brikama	-16.642965	13.274707	262
Basse	-14.219973	13.311182	Thies	-16.92566	14.791345	335
Basse	-14.219973	13.311182	Bounkiling	-15.698502	13.039072	163
Basse	-14.219973	13.311182	Besse	-16.36199	13.195759	232
Basse	-14.219973	13.311182	Chogen	-16.008846	13.584186	196
Basse	-14.219973	13.311182	DongoroBa	-15.294932	13.379913	117
Basse	-14.219973	13.311182	SareSeedy	-15.099018	13.74713	107
Basse	-14.219973	13.311182	Njayel	-14.023212	13.33612	21
Basse	-14.219973	13.311182	SareWuro	-14.056502	13.543971	31
Basse	-14.219973	13.311182	Basse	-14.219973	13.311182	0
Basse	-14.219973	13.311182	Velingara	-14.107776	13.146263	22
Basse	-14.219973	13.311182	Farafenni	-15.597754	13.572898	152
Basse	-14.219973	13.311182	Serrekunda	-16.685126	13.440287	267
Velingara	-14.107776	13.146263	Brikama	-16.642965	13.274707	275
Velingara	-14.107776	13.146263	Thies	-16.92566	14.791345	355
Velingara	-14.107776	13.146263	Bounkiling	-15.698502	13.039072	173
Velingara	-14.107776	13.146263	Besse	-16.36199	13.195759	244
Velingara	-14.107776	13.146263	Chogen	-16.008846	13.584186	211
Velingara	-14.107776	13.146263	DongoroBa	-15.294932	13.379913	131
Velingara	-14.107776	13.146263	SareSeedy	-15.099018	13.74713	126
Velingara	-14.107776	13.146263	Njayel	-14.023212	13.33612	23
Velingara	-14.107776	13.146263	SareWuro	-14.056502	13.543971	45
Velingara	-14.107776	13.146263	Basse	-14.219973	13.311182	22
Velingara	-14.107776	13.146263	Velingara	-14.107776	13.146263	0
Velingara	-14.107776	13.146263	Farafenni	-15.597754	13.572898	168
Velingara	-14.107776	13.146263	Serrekunda	-16.685126	13.440287	281
Farafenni	-15.597754	13.572898	Brikama	-16.642965	13.274707	118
Farafenni	-15.597754	13.572898	Thies	-16.92566	14.791345	197
Farafenni	-15.597754	13.572898	Bounkiling	-15.698502	13.039072	60
Farafenni	-15.597754	13.572898	Besse	-16.36199	13.195759	93
Farafenni	-15.597754	13.572898	Chogen	-16.008846	13.584186	44
Farafenni	-15.597754	13.572898	DongoroBa	-15.294932	13.379913	39
Farafenni	-15.597754	13.572898	SareSeedy	-15.099018	13.74713	57
Farafenni	-15.597754	13.572898	Njayel	-14.023212	13.33612	172
Farafenni	-15.597754	13.572898	SareWuro	-14.056502	13.543971	167
Farafenni	-15.597754	13.572898	Basse	-14.219973	13.311182	152
Farafenni	-15.597754	13.572898	Velingara	-14.107776	13.146263	168
Farafenni	-15.597754	13.572898	Farafenni	-15.597754	13.572898	0
Farafenni	-15.597754	13.572898	Serrekunda	-16.685126	13.440287	118
Serrekunda	-16.685126	13.440287	Brikama	-16.642965	13.274707	19
Serrekunda	-16.685126	13.440287	Thies	-16.92566	14.791345	152
Serrekunda	-16.685126	13.440287	Bounkiling	-15.698502	13.039072	116
Serrekunda	-16.685126	13.440287	Besse	-16.36199	13.195759	44
Serrekunda	-16.685126	13.440287	Chogen	-16.008846	13.584186	75
Serrekunda	-16.685126	13.440287	DongoroBa	-15.294932	13.379913	150
Serrekunda	-16.685126	13.440287	SareSeedy	-15.099018	13.74713	175
Serrekunda	-16.685126	13.440287	Njayel	-14.023212	13.33612	288
Serrekunda	-16.685126	13.440287	SareWuro	-14.056502	13.543971	284
Serrekunda	-16.685126	13.440287	Basse	-14.219973	13.311182	267
Serrekunda	-16.685126	13.440287	Velingara	-14.107776	13.146263	281
Serrekunda	-16.685126	13.440287	Farafenni	-15.597754	13.572898	118
Serrekunda	-16.685126	13.440287	Serrekunda	-16.685126	13.440287	0
Brikama	-16.642965	13.274707	Cambodia	104.74114518134401	12.501332059064081	2000
Basse	-16.642965	13.274707	Cambodia	104.74114518134401	12.501332059064081	2000
Farafenni	-16.642965	13.274707	Cambodia	104.74114518134401	12.501332059064081	2000
Serrekunda	-16.642965	13.274707	Cambodia	104.74114518134401	12.501332059064081	2000
Bounkiling	-16.642965	13.274707	Cambodia	104.74114518134401	12.501332059064081	2000
Besse	-16.642965	13.274707	Cambodia	104.74114518134401	12.501332059064081	2000
Chogen	-16.642965	13.274707	Cambodia	104.74114518134401	12.501332059064081	2000
DongoroBa	-16.642965	13.274707	Cambodia	104.74114518134401	12.501332059064081	2000
Njayel	-16.642965	13.274707	Cambodia	104.74114518134401	12.501332059064081	2000
SareWuro	-16.642965	13.274707	Cambodia	104.74114518134401	12.501332059064081	2000
Thies	-16.642965	13.274707	Cambodia	104.74114518134401	12.501332059064081	2000
Velingara	-16.642965	13.274707	Cambodia	104.74114518134401	12.501332059064081	2000
Cambodia	-16.642965	13.274707	Cambodia	104.74114518134401	12.501332059064081	0
Senegambia	-16.685126	13.440287	Senegambia	-16.685126	13.440287	0